1	Вінницький район	Вінниця	370,7	Вінницька	6888,9	657,6	95,46	16	410
2	Гайсинський район	Гайсин	25,8	Вінницька	5674,8	243,3	42,87	14	264
3	Жмеринський район	Жмеринка	34,3	Вінницька	3150,6	165,8	52,62	8	216
4	Могилів-Подільський район	Могилів-Подільський	31,2	Вінницька	3220,5	146,9	45,61	7	195
5	Тульчинський район	Тульчин	14,9	Вінницька	3858,4	157,2	40,74	9	189
6	Хмільницький район	Хмільник	27,4	Вінницька	3701,1	188,3	50,88	9	229
7	Володимирський район	Володимир	38,9	Волинська	2558,2	174,7	68,29	11	201
8	Камінь-Каширський район	Камінь-Каширський	12,5	Волинська	4693,4	132,4	28,21	5	155
9	Ковельський район	Ковель	68,2	Волинська	7647,9	271	35,43	23	380
10	Луцький район	Луцьк	221,1	Волинська	5247,8	457,3	87,14	15	351
11	Дніпровський район	Дніпро	987,2	Дніпропетровська	5605,7	1179,3	210,38	17	234
12	Кам'янський район	Кам'янське	240,5	Дніпропетровська	4821,2	439	91,06	12	274
13	Криворізький район	Кривий Ріг	624,6	Дніпропетровська	5717,4	772,3	135,08	15	283
14	Нікопольський район	Нікополь	110,7	Дніпропетровська	3240,4	262,6	81,03	8	130
15	Павлоградський район	Павлоград	105,2	Дніпропетровська	2420,9	173,3	71,58	7	98
16	Самарівський район	Самар	71,4	Дніпропетровська	3482,9	171,7	49,30	8	110
17	Синельниківський район	Синельникове	31,4	Дніпропетровська	6616,6	208,3	31,48	19	373
18	Бахмутський район	Бахмут	74,1	Донецька	1747,6	211,4	120,97	7	111
19	Волноваський район	Волноваха	21,9	Донецька	4449,1	146	32,82	8	158
20	Горлівський район	Горлівка	244	Донецька	2468,4	690,6	279,78	9	133
21	Донецький район	Донецьк	924,2	Донецька	2895,1	1503,4	519,29	6	152
22	Кальміуський район	Кальміуське	11,5	Донецька	3132,6	122,6	39,14	5	157
23	Краматорський район	Краматорськ	153,9	Донецька	5186,3	568	109,52	12	235
24	Маріупольський район	Маріуполь	440,4	Донецька	2623,8	521,1	198,61	5	89
25	Покровський район	Покровськ	63,0	Донецька	4020	402,7	100,17	14	263
26	Бердичівський район	Бердичів	75,4	Житомирська	3014,1	163,6	54,28	10	162
27	Житомирський район	Житомир	264,5	Житомирська	10505,8	622,7	59,27	31	684
28	Звягельський район	Звягель	56,3	Житомирська	5242,6	171,7	32,75	12	293
29	Коростенський район	Коростень	63,3	Житомирська	11066,8	262,1	23,68	13	529
30	Берегівський район	Берегове	23,7	Закарпатська	1458,7	209,2	143,42	10	105
31	Мукачівський район	Мукачево	85,9	Закарпатська	2054	254,6	123,95	13	142
32	Рахівський район	Рахів	15,5	Закарпатська	1845,2	82,8	44,87	4	29
33	Тячівський район	Тячів	9	Закарпатська	1869,5	185,3	99,12	10	64
34	Ужгородський район	Ужгород	114,9	Закарпатська	2359,5	255,8	108,41	14	125
35	Хустський район	Хуст	28,5	Закарпатська	3174,4	269,1	84,77	13	143
36	Бердянський район	Бердянськ	109,2	Запорізька	4461,56[4]	183,984[4]	41,24	8[4]	113
37	Василівський район	Василівка	13,7	Запорізька	4287,33[4]	188,667[4]	44,01	11[4]	109
38	Запорізький район	Запоріжжя	731,9	Запорізька	4674,61[4]	874,150[4]	187,0	17[4]	282
39	Мелітопольський район	Мелітополь	153,1	Запорізька	7081,04[4]	286,574[4]	40,47	16[4]	208
40	Пологівський район	Пологи	19,3	Запорізька	6762,50[4]	172,461[4]	25,5	15[4]	240
41	Верховинський район	селище Верховина	5,8	Івано-Франківська	1271,7	30,5	23,98	3	43
42	Івано-Франківський район	Івано-Франківськ	236,6	Івано-Франківська	3913,1	560,1	143,13	20	319
43	Калуський район	Калуш	66,5	Івано-Франківська	3555	286,5	80,59	13	162
44	Коломийський район	Коломия	61,3	Івано-Франківська	2484,5	279,8	112,62	13	190
45	Косівський район	Косів	8,6	Івано-Франківська	853,7	85,7	100,39	5	40
46	Надвірнянський район	Надвірна	22,1	Івано-Франківська	1872	130,6	69,76	8	50
47	Білоцерківський район	Біла Церква	208,9	Київська	6513,1	443,4	68,08	13	302
48	Бориспільський район	Бориспіль	62,3	Київська	3874,9	203,7	52,57	11	140
49	Броварський район	Бровари	108,7	Київська	2883,1	240,7	83,49	8	125
50	Бучанський район	Буча	35,6	Київська	1544,3	339,5	219,84	12	141
51	Вишгородський район	Вишгород	29,9	Київська	6913,4	130,1	18,82	7	163
52	Обухівський район	Обухів	33,6	Київська	3526,3	229,8	65,17	9	200
53	Фастівський район	Фастів	45,9	Київська	2886,7	180,9	62,67	9	109
54	Голованівський район	селище Голованівськ	6	Кіровоградська	4244,3	124,9	29,43	10	183
55	Кропивницький район	Кропивницький	227,4	Кіровоградська	9716,9	448,1	46,12	17	418
56	Новоукраїнський район	Новоукраїнка	16,7	Кіровоградська	5198,9	142,7	27,45	13	242
57	Олександрійський район	Олександрія	79,3	Кіровоградська	5409,7	229,8	42,48	9	188
58	Алчевський район	Алчевськ	107,4	Луганська	2006,1	442,8	220,73	3	94
59	Довжанський район	Довжанськ	64,2	Луганська	2139	207,7	97,1	2	97
60	Луганський район	Луганськ	403,9	Луганська	2147,4	535,2	249,23	3	98
61	Ровеньківський район	Ровеньки	46,7	Луганська	2087,6	296,8	142,17	3	94
62	Сватівський район	Сватове	17,1	Луганська	5329,1	80,9	15,18	7	181
63	Сіверськодонецький район	Сіверськодонецьк	102,4	Луганська	2685,7	375,8	139,93	6	84
64	Старобільський район	Старобільськ	16,9	Луганська	6930,6	129,2	18,64	8	194
65	Щастинський район	Щастя	8,6	Луганська	3380,4	81,2	24,02	5	83
66	Дрогобицький район	Дрогобич	76	Львівська	1496,9	239	159,66	5	89
67	Золочівський район	Золочів	24,3	Львівська	2913,4	163,3	56,05	7	277
68	Львівський район	Львів	724,3	Львівська	4968,5	1150,4	231,54	23	531
69	Самбірський район	Самбір	34,8	Львівська	3250,4	227,7	70,05	11	286
70	Стрийський район	Стрий	59,3	Львівська	3840,5	327,7	85,33	14	292
71	Шептицький район	Шептицький	67,2	Львівська	2971,6	233	78,41	7	205
72	Яворівський район	Яворів	15	Львівська	2378,4	180,9	76,06	6	248
73	Баштанський район	Баштанка	12,7	Миколаївська	6714,9	140,5	20,92	12	279
74	Вознесенський район	Вознесенськ	34,4	Миколаївська	6081	182,5	30,01	13	253
75	Миколаївський район	Миколаїв	483,2	Миколаївська	7433,7	656,3	88,29	19	238
76	Первомайський район	Первомайськ	66,1	Миколаївська	3797,2	151,8	39,98	8	140
77	Березівський район	Березівка	9,6	Одеська	5551,6	109,4	19,71	16	226
78	Білгород-Дністровський район	Білгород-Дністровський	49	Одеська	5220,6	201,4	38,58	16	134
79	Болградський район	Болград	15	Одеська	4559,4	154,5	33,89	10	99
80	Ізмаїльський район	Ізмаїл	71,8	Одеська	3434,4	206,2	60,04	6	52
81	Одеський район	Одеса	1017,7	Одеська	3922,8	1375,9	350,74	22	155
82	Подільський район	Подільськ	40,4	Одеська	7063,6	229,9	32,55	12	299
83	Роздільнянський район	Роздільна	17,8	Одеська	3564,4	104,2	29,23	9	209
84	Кременчуцький район	Кременчук	220,1	Полтавська	6105,8	399,4	65,41	12	325
85	Лубенський район	Лубни	46,2	Полтавська	5476,9	192,6	35,17	7	345
86	Миргородський район	Миргород	39,1	Полтавська	6287,4	207,9	33,07	17	425
87	Полтавський район	Полтава	286,7	Полтавська	10849,6	600,5	55,35	24	746
88	Вараський район	Вараш	42,4	Рівненська	3327,2	139	41,78	8	183
89	Дубенський район	Дубно	38	Рівненська	3294,6	170,4	51,72	19	418
90	Рівненський район	Рівне	245,6	Рівненська	7218	634,9	87,96	26	242
91	Сарненський район	Сарни	29,2	Рівненська	6219	213	34,25	11	188
92	Конотопський район	Конотоп	86,3	Сумська	5190,6	204,2	39,34	8	311
93	Охтирський район	Охтирка	48,5	Сумська	3196,6	125,6	39,29	9	185
94	Роменський район	Ромни	40,5	Сумська	3882,7	113,7	29,28	8	297
95	Сумський район	Суми	263,5	Сумська	6499,4	449,4	69,14	16	450
96	Шосткинський район	Шостка	75	Сумська	5072,3	188,5	37,16	10	247
97	Кременецький район	Кременець	21,2	Тернопільська	2635,7	144,7	54,9	8	204
98	Тернопільський район	Тернопіль	221,8	Тернопільська	6162,3	567	92,01	25	492
99	Чортківський район	Чортків	29	Тернопільська	5022	334,2	66,55	22	362
100	Берестинський район	Берестин	20,9	Харківська	4912,8	108,9	22,17	6	220
101	Богодухівський район	Богодухів	15,2	Харківська	4510,3	128,4	28,47	5	353
102	Ізюмський район	Ізюм	48,2	Харківська	5910,2	181,6	30,73	8	228
103	Куп'янський район	Куп'янськ	28,7	Харківська	4618,1	137,2	29,71	8	269
104	Лозівський район	Лозова	64,7	Харківська	4025,9	154,6	38,4	5	247
105	Харківський район	Харків	1443,2	Харківська	2644,3	1762,8	666,64	15	203
106	Чугуївський район	Чугуїв	32,5	Харківська	4807	202,2	42,06	9	226
107	Бериславський район	Берислав	12,4	Херсонська	4764	99,1	20,8	11	151
108	Генічеський район	Генічеськ	19,5	Херсонська	6521,7	122,4	18,77	4	165
109	Каховський район	Нова Каховка	45,4	Херсонська	6289,7	224,7	35,73	15	162
110	Скадовський район	Скадовськ	17,6	Херсонська	5248,5	127	24,2	9	114
111	Херсонський район	Херсон	289,1	Херсонська	3649,9	464,4	127,24	10	106
112	Кам'янець-Подільський район	Кам'янець-Подільський	99	Хмельницька	4521,2	291,1	64,39	15	336
113	Хмельницький район	Хмельницький	273,9	Хмельницька	10755,8	687	63,87	27	749
114	Шепетівський район	Шепетівка	41,2	Хмельницька	5346,7	286,5	53,58	18	364
115	Звенигородський район	Звенигородка	17,1	Черкаська	5279,9	204	38,64	17	242
116	Золотоніський район	Золотоноша	28,3	Черкаська	4249,1	142,3	33,49	11	186
117	Уманський район	Умань	83,1	Черкаська	4527,2	257,5	56,88	12	199
118	Черкаський район	Черкаси	274,8	Черкаська	6882,1	602,6	87,56	26	244
119	Вижницький район	Вижниця	4	Чернівецька	1882	91	48,35	9	95
120	Дністровський район	селище Кельменці	7,3	Чернівецька	2122,5	157,8	74,35	10	107
121	Чернівецький район	Чернівці	266,5	Чернівецька	4101,5	655,6	159,84	33	215
122	Корюківський район	Корюківка	12,9	Чернігівська	4578,7	91,7	20,03	5	218
123	Ніжинський район	Ніжин	71,1	Чернігівська	7226,6	228,7	31,65	17	318
124	Новгород-Сіверський район	Новгород-Сіверський	13	Чернігівська	4630,5	66,4	14,34	4	222
125	Прилуцький район	Прилуки	56,3	Чернігівська	5214,2	158,2	30,34	11	280
126	Чернігівський район	Чернігів	288,3	Чернігівська	10249	460,8	44,96	20	472
127	Бахчисарайський район	Бахчисарай		АР Крим	2500	473,0	189,2		
128	Білогірський район	Білогірськ		АР Крим	2930	122,7	41,87		
129	Джанкойський район	Джанкой		АР Крим	2170	117,9	54,33		
130	Євпаторійський район	Євпаторія		АР Крим	3870	260,5	67,31		
131	Керченський район	Керч		АР Крим	3030	212,9	70,26		
132	Курманський район	селище Курман		АР Крим	3250	134,0	41,23		
133	Перекопський район	Яни Капу		АР Крим	2480	122,8	49,52		
134	Сімферопольський район	Сімферополь		АР Крим	1150	519,4	451,65		
135	Феодосійський район	Феодосія		АР Крим	2710	227,6	83,99		
136	Ялтинський район	Ялта		АР Крим	890	192,8	216,63		58